node_id,date,y_true,y_pred
AT5X5K,2023-06-26,1531.0,800.93524
AT5X5K,2023-06-27,928.0,640.19806
AT5X5K,2023-06-28,403.0,643.7489
AT5X5K,2023-06-29,1248.0,843.83057
AT5X5K,2023-06-30,0.0,410.6987
AT5X5K,2023-07-01,69.4,244.09749
AT5X5K,2023-07-02,2103.0,961.0269
AT5X5K,2023-07-03,1189.0,998.6817
AT5X5K,2023-07-04,237.0,719.6584
AT5X5K,2023-07-05,507.0,875.8377
AT5X5K,2023-07-06,1044.0,1000.64954
AT5X5K,2023-07-07,0.0,141.23096
AT5X5K,2023-07-08,29.4,148.32256
AT5X5K,2023-07-09,852.0,842.40283
AT5X5K,2023-07-10,677.0,765.45135
AT5X5K,2023-07-11,757.0,838.5648
AT5X5K,2023-07-12,1382.0,667.5931
AT5X5K,2023-07-13,1030.0,908.58984
AT5X5K,2023-07-14,0.0,66.622604
AT5X5K,2023-07-15,0.0,41.051994
AT5X5K,2023-07-16,2041.0,800.38916
AT5X5K,2023-07-17,2937.0,758.31573
AT5X5K,2023-07-18,1560.0,745.24945
AT5X5K,2023-07-19,501.0,487.48364
AT5X5K,2023-07-20,1417.0,755.0248
AT5X5K,2023-07-21,0.0,106.519226
AT5X5K,2023-07-22,0.0,56.53461
AT5X5K,2023-07-23,618.0,891.4088
AT5X5K,2023-07-24,292.0,732.043
AT5X5K,2023-07-25,595.2,722.8355
AT5X5K,2023-07-26,362.2,1067.7927
AT5X5K,2023-07-27,252.0,821.0226
AT5X5K,2023-07-28,0.0,21.478857
AT5X5K,2023-07-29,16.0,10.052854
AT5X5K,2023-07-30,752.0,1076.8801
AT5X5K,2023-07-31,558.0,1351.8206
AT5X5K,2023-08-01,0.0,1026.1292
AT5X5K,2023-08-02,0.0,517.974
ATN01K24P,2023-06-26,4813.875,3048.6392
ATN01K24P,2023-06-27,4835.375,2607.8513
ATN01K24P,2023-06-28,4577.458,1498.802
ATN01K24P,2023-06-29,6287.0,3568.628
ATN01K24P,2023-06-30,0.0,572.146
ATN01K24P,2023-07-01,272.13,831.15295
ATN01K24P,2023-07-02,8819.417,4752.3823
ATN01K24P,2023-07-03,4087.0,4228.3447
ATN01K24P,2023-07-04,4334.166666666667,4011.124
ATN01K24P,2023-07-05,2816.0,2243.7095
ATN01K24P,2023-07-06,4135.5,5906.174
ATN01K24P,2023-07-07,0.0,483.10864
ATN01K24P,2023-07-08,269.542,1148.4026
ATN01K24P,2023-07-09,7324.0,5438.068
ATN01K24P,2023-07-10,4766.92,3091.7217
ATN01K24P,2023-07-11,5457.125,2431.829
ATN01K24P,2023-07-12,5481.5,2775.462
ATN01K24P,2023-07-13,7009.291666666667,2342.5037
ATN01K24P,2023-07-14,0.0,239.50641
ATN01K24P,2023-07-15,660.0,555.1811
ATN01K24P,2023-07-16,7209.041666666667,3744.516
ATN01K24P,2023-07-17,10994.95833333333,4144.45
ATN01K24P,2023-07-18,4150.0,4354.758
ATN01K24P,2023-07-19,5388.0,2421.351
ATN01K24P,2023-07-20,8892.25,3379.4128
ATN01K24P,2023-07-21,0.0,181.42406
ATN01K24P,2023-07-22,0.0,672.99396
ATN01K24P,2023-07-23,3137.416666666667,3907.5981
ATN01K24P,2023-07-24,2834.875,4278.3076
ATN01K24P,2023-07-25,3504.542,3728.8835
ATN01K24P,2023-07-26,1743.628,3481.435
ATN01K24P,2023-07-27,2388.875,3322.9045
ATN01K24P,2023-07-28,0.0,28.15733
ATN01K24P,2023-07-29,115.417,823.85614
ATN01K24P,2023-07-30,4677.375,5643.619
ATN01K24P,2023-07-31,2739.375,4099.7856
ATN01K24P,2023-08-01,0.0,4241.9106
ATN01K24P,2023-08-02,0.0,3419.744
ATN02K12P,2023-06-26,105.0,579.5842
ATN02K12P,2023-06-27,604.0,540.98737
ATN02K12P,2023-06-28,604.417,420.2842
ATN02K12P,2023-06-29,982.0,776.436
ATN02K12P,2023-06-30,0.0,207.53537
ATN02K12P,2023-07-01,369.0,588.38654
ATN02K12P,2023-07-02,1675.827,942.65674
ATN02K12P,2023-07-03,555.0,666.8541
ATN02K12P,2023-07-04,417.4166666666667,508.57935
ATN02K12P,2023-07-05,975.5,468.05438
ATN02K12P,2023-07-06,822.0,882.173
ATN02K12P,2023-07-07,0.0,48.708263
ATN02K12P,2023-07-08,324.0,781.1875
ATN02K12P,2023-07-09,1165.083333333333,785.75037
ATN02K12P,2023-07-10,634.0,813.6353
ATN02K12P,2023-07-11,998.75,487.98328
ATN02K12P,2023-07-12,731.6666666666666,373.02454
ATN02K12P,2023-07-13,504.0,785.4663
ATN02K12P,2023-07-14,0.0,228.44669
ATN02K12P,2023-07-15,498.0,384.27673
ATN02K12P,2023-07-16,1474.333333333333,805.5754
ATN02K12P,2023-07-17,1533.0,595.0947
ATN02K12P,2023-07-18,310.0,487.0313
ATN02K12P,2023-07-19,680.5,497.97607
ATN02K12P,2023-07-20,1415.25,669.3367
ATN02K12P,2023-07-21,0.0,308.81943
ATN02K12P,2023-07-22,0.0,414.82126
ATN02K12P,2023-07-23,589.25,951.7998
ATN02K12P,2023-07-24,373.58,660.76154
ATN02K12P,2023-07-25,882.333,679.1054
ATN02K12P,2023-07-26,636.8333333333334,937.294
ATN02K12P,2023-07-27,2654.333333333333,610.5338
ATN02K12P,2023-07-28,0.0,13.980928
ATN02K12P,2023-07-29,259.167,283.6752
ATN02K12P,2023-07-30,807.1666666666666,1074.2994
ATN02K12P,2023-07-31,641.75,888.32654
ATN02K12P,2023-08-01,0.0,594.4879
ATN02K12P,2023-08-02,0.0,650.0425
ATPA1K24P,2023-06-26,0.0,0.0
ATPA1K24P,2023-06-27,0.0,0.9163329
ATPA1K24P,2023-06-28,0.0,0.59098953
ATPA1K24P,2023-06-29,0.0,0.59098953
ATPA1K24P,2023-06-30,0.0,0.0
ATPA1K24P,2023-07-01,0.0,0.3609366
ATPA1K24P,2023-07-02,0.0,0.3609366
ATPA1K24P,2023-07-03,0.0,0.3609366
ATPA1K24P,2023-07-04,0.0,0.3609366
ATPA1K24P,2023-07-05,0.0,0.68627995
ATPA1K24P,2023-07-06,0.0,0.3609366
ATPA1K24P,2023-07-07,0.0,0.3609366
ATPA1K24P,2023-07-08,0.0,0.038694177
ATPA1K24P,2023-07-09,0.0,0.17453311
ATPA1K24P,2023-07-10,0.0,0.22215727
ATPA1K24P,2023-07-11,0.0,0.4116616
ATPA1K24P,2023-07-12,0.0,0.086318254
ATPA1K24P,2023-07-13,0.0,0.086318254
ATPA1K24P,2023-07-14,0.0,0.0
ATPA1K24P,2023-07-15,0.0,0.237703
ATPA1K24P,2023-07-16,0.0,0.0
ATPA1K24P,2023-07-17,0.0,0.0
ATPA1K24P,2023-07-18,0.0,0.237703
ATPA1K24P,2023-07-19,0.0,0.0
ATPA1K24P,2023-07-20,0.0,0.0
ATPA1K24P,2023-07-21,0.0,0.0
ATPA1K24P,2023-07-22,0.0,0.0
ATPA1K24P,2023-07-23,0.0,0.0
ATPA1K24P,2023-07-24,0.0,0.0
ATPA1K24P,2023-07-25,0.0,0.0
ATPA1K24P,2023-07-26,0.0,0.0
ATPA1K24P,2023-07-27,0.0,0.4643432
ATPA1K24P,2023-07-28,0.0,0.0
ATPA1K24P,2023-07-29,0.0,0.4643432
ATPA1K24P,2023-07-30,0.0,0.600182
ATPA1K24P,2023-07-31,0.0,0.59098953
ATPA1K24P,2023-08-01,0.0,0.55044097
ATPA1K24P,2023-08-02,0.0,0.22509757
ATPPCH5X5K,2023-06-26,0.0,0.0
ATPPCH5X5K,2023-06-27,0.0,0.9163329
ATPPCH5X5K,2023-06-28,0.0,0.59098953
ATPPCH5X5K,2023-06-29,0.0,0.59098953
ATPPCH5X5K,2023-06-30,0.0,0.0
ATPPCH5X5K,2023-07-01,0.0,0.3609366
ATPPCH5X5K,2023-07-02,0.0,0.3609366
ATPPCH5X5K,2023-07-03,0.0,0.3609366
ATPPCH5X5K,2023-07-04,0.0,0.3609366
ATPPCH5X5K,2023-07-05,0.0,0.68627995
ATPPCH5X5K,2023-07-06,0.0,0.3609366
ATPPCH5X5K,2023-07-07,0.0,0.3609366
ATPPCH5X5K,2023-07-08,0.0,0.038694177
ATPPCH5X5K,2023-07-09,0.0,0.17453311
ATPPCH5X5K,2023-07-10,0.0,0.22215727
ATPPCH5X5K,2023-07-11,0.0,0.4116616
ATPPCH5X5K,2023-07-12,0.0,0.086318254
ATPPCH5X5K,2023-07-13,0.0,0.086318254
ATPPCH5X5K,2023-07-14,0.0,0.0
ATPPCH5X5K,2023-07-15,0.0,0.237703
ATPPCH5X5K,2023-07-16,0.0,0.0
ATPPCH5X5K,2023-07-17,0.0,0.0
ATPPCH5X5K,2023-07-18,0.0,0.237703
ATPPCH5X5K,2023-07-19,0.0,0.0
ATPPCH5X5K,2023-07-20,0.0,0.0
ATPPCH5X5K,2023-07-21,0.0,0.0
ATPPCH5X5K,2023-07-22,0.0,0.0
ATPPCH5X5K,2023-07-23,0.0,0.0
ATPPCH5X5K,2023-07-24,0.0,0.0
ATPPCH5X5K,2023-07-25,0.0,0.0
ATPPCH5X5K,2023-07-26,0.0,0.0
ATPPCH5X5K,2023-07-27,0.0,0.4643432
ATPPCH5X5K,2023-07-28,0.0,0.0
ATPPCH5X5K,2023-07-29,0.0,0.4643432
ATPPCH5X5K,2023-07-30,0.0,0.600182
ATPPCH5X5K,2023-07-31,0.0,0.59098953
ATPPCH5X5K,2023-08-01,0.0,0.55044097
ATPPCH5X5K,2023-08-02,0.0,0.22509757
ATWWP001K24P,2023-06-26,42.29166666666666,179.3816
ATWWP001K24P,2023-06-27,9.0,114.24437
ATWWP001K24P,2023-06-28,6.5,125.16566
ATWWP001K24P,2023-06-29,5.0,124.08866
ATWWP001K24P,2023-06-30,0.0,28.363424
ATWWP001K24P,2023-07-01,1.46,133.92975
ATWWP001K24P,2023-07-02,62.0,252.52908
ATWWP001K24P,2023-07-03,17.0,173.30313
ATWWP001K24P,2023-07-04,13.0,170.6295
ATWWP001K24P,2023-07-05,1.0,69.564575
ATWWP001K24P,2023-07-06,125.0,145.77481
ATWWP001K24P,2023-07-07,0.0,5.9726777
ATWWP001K24P,2023-07-08,12.708,9.883799
ATWWP001K24P,2023-07-09,156.0,212.35403
ATWWP001K24P,2023-07-10,97.0,224.36305
ATWWP001K24P,2023-07-11,75.0,109.58839
ATWWP001K24P,2023-07-12,80.0,90.82332
ATWWP001K24P,2023-07-13,73.0,87.39794
ATWWP001K24P,2023-07-14,0.0,15.2434225
ATWWP001K24P,2023-07-15,0.0,0.0
ATWWP001K24P,2023-07-16,107.0,120.82227
ATWWP001K24P,2023-07-17,162.0,265.45578
ATWWP001K24P,2023-07-18,0.0,136.78659
ATWWP001K24P,2023-07-19,54.0,37.908863
ATWWP001K24P,2023-07-20,31.0,42.502895
ATWWP001K24P,2023-07-21,0.0,81.82979
ATWWP001K24P,2023-07-22,0.0,22.800264
ATWWP001K24P,2023-07-23,65.0,43.07599
ATWWP001K24P,2023-07-24,41.0,105.2214
ATWWP001K24P,2023-07-25,20.958,27.798954
ATWWP001K24P,2023-07-26,56.458,40.20356
ATWWP001K24P,2023-07-27,46.0,29.62391
ATWWP001K24P,2023-07-28,0.0,13.736902
ATWWP001K24P,2023-07-29,10.0,18.748123
ATWWP001K24P,2023-07-30,159.0,104.47116
ATWWP001K24P,2023-07-31,12.0,91.85187
ATWWP001K24P,2023-08-01,0.0,35.200596
ATWWP001K24P,2023-08-02,0.0,33.26273
ATWWP002K12P,2023-06-26,0.0,26.036512
ATWWP002K12P,2023-06-27,0.0,50.11932
ATWWP002K12P,2023-06-28,6.5,15.9419985
ATWWP002K12P,2023-06-29,1.0,75.885666
ATWWP002K12P,2023-06-30,0.0,4.3643384
ATWWP002K12P,2023-07-01,2.0,1.8746109
ATWWP002K12P,2023-07-02,0.0,44.11629
ATWWP002K12P,2023-07-03,0.0,19.70409
ATWWP002K12P,2023-07-04,5.0,24.21686
ATWWP002K12P,2023-07-05,11.0,11.333643
ATWWP002K12P,2023-07-06,5.0,116.178795
ATWWP002K12P,2023-07-07,0.0,9.94345
ATWWP002K12P,2023-07-08,10.583,6.824608
ATWWP002K12P,2023-07-09,1.0,19.94381
ATWWP002K12P,2023-07-10,0.0,12.464535
ATWWP002K12P,2023-07-11,11.0,6.243123
ATWWP002K12P,2023-07-12,13.0,2.442485
ATWWP002K12P,2023-07-13,150.0,74.85169
ATWWP002K12P,2023-07-14,0.0,3.7781992
ATWWP002K12P,2023-07-15,7.0,5.337855
ATWWP002K12P,2023-07-16,4.0,7.6147656
ATWWP002K12P,2023-07-17,80.0,6.645722
ATWWP002K12P,2023-07-18,0.0,0.7969252
ATWWP002K12P,2023-07-19,0.0,0.0
ATWWP002K12P,2023-07-20,14.0,5.441747
ATWWP002K12P,2023-07-21,0.0,12.803402
ATWWP002K12P,2023-07-22,0.0,0.0
ATWWP002K12P,2023-07-23,16.0,0.0
ATWWP002K12P,2023-07-24,12.0,12.99586
ATWWP002K12P,2023-07-25,4.333,0.0
ATWWP002K12P,2023-07-26,190.0,13.457107
ATWWP002K12P,2023-07-27,120.0,14.281527
ATWWP002K12P,2023-07-28,0.0,0.0
ATWWP002K12P,2023-07-29,26.0,15.395472
ATWWP002K12P,2023-07-30,26.0,0.0
ATWWP002K12P,2023-07-31,14.0,3.6218257
ATWWP002K12P,2023-08-01,0.0,14.369549
ATWWP002K12P,2023-08-02,0.0,13.871323
EEA200G24P,2023-06-26,0.0,0.8255044
EEA200G24P,2023-06-27,0.0,1.8321624
EEA200G24P,2023-06-28,0.0,1.506819
EEA200G24P,2023-06-29,0.0,1.506819
EEA200G24P,2023-06-30,0.0,0.2202681
EEA200G24P,2023-07-01,0.0,1.2767655
EEA200G24P,2023-07-02,0.0,1.4126045
EEA200G24P,2023-07-03,0.0,2.1903179
EEA200G24P,2023-07-04,0.0,1.2767655
EEA200G24P,2023-07-05,0.0,1.6021088
EEA200G24P,2023-07-06,0.0,1.2767655
EEA200G24P,2023-07-07,0.0,1.2767655
EEA200G24P,2023-07-08,0.0,1.0903624
EEA200G24P,2023-07-09,0.0,1.2262012
EEA200G24P,2023-07-10,0.0,1.2738253
EEA200G24P,2023-07-11,0.0,0.44736668
EEA200G24P,2023-07-12,0.0,1.1379865
EEA200G24P,2023-07-13,0.0,1.1379865
EEA200G24P,2023-07-14,0.0,0.51229155
EEA200G24P,2023-07-15,0.0,0.27340785
EEA200G24P,2023-07-16,0.0,0.6481303
EEA200G24P,2023-07-17,0.0,0.6481303
EEA200G24P,2023-07-18,0.0,0.27340785
EEA200G24P,2023-07-19,0.0,0.51229155
EEA200G24P,2023-07-20,0.0,0.0
EEA200G24P,2023-07-21,0.0,0.8436383
EEA200G24P,2023-07-22,0.0,1.033958
EEA200G24P,2023-07-23,0.0,1.033958
EEA200G24P,2023-07-24,0.0,0.0
EEA200G24P,2023-07-25,0.0,0.68966544
EEA200G24P,2023-07-26,0.0,0.68966544
EEA200G24P,2023-07-27,0.0,1.506819
EEA200G24P,2023-07-28,0.0,0.2202681
EEA200G24P,2023-07-29,0.0,1.5160115
EEA200G24P,2023-07-30,0.0,1.6518505
EEA200G24P,2023-07-31,0.0,1.642658
EEA200G24P,2023-08-01,0.0,0.5861457
EEA200G24P,2023-08-02,0.0,1.2767655
EEA500G12P,2023-06-26,0.0,0.8255044
EEA500G12P,2023-06-27,0.0,1.8321624
EEA500G12P,2023-06-28,0.0,1.506819
EEA500G12P,2023-06-29,0.0,1.506819
EEA500G12P,2023-06-30,0.0,0.2202681
EEA500G12P,2023-07-01,0.0,1.2767655
EEA500G12P,2023-07-02,0.0,1.4126045
EEA500G12P,2023-07-03,0.0,2.1903179
EEA500G12P,2023-07-04,0.0,1.2767655
EEA500G12P,2023-07-05,0.0,1.6021088
EEA500G12P,2023-07-06,0.0,1.2767655
EEA500G12P,2023-07-07,0.0,1.2767655
EEA500G12P,2023-07-08,0.0,1.0903624
EEA500G12P,2023-07-09,0.0,1.2262012
EEA500G12P,2023-07-10,0.0,1.2738253
EEA500G12P,2023-07-11,0.0,0.44736668
EEA500G12P,2023-07-12,0.0,1.1379865
EEA500G12P,2023-07-13,0.0,1.1379865
EEA500G12P,2023-07-14,0.0,0.51229155
EEA500G12P,2023-07-15,0.0,0.27340785
EEA500G12P,2023-07-16,0.0,0.6481303
EEA500G12P,2023-07-17,0.0,0.6481303
EEA500G12P,2023-07-18,0.0,0.27340785
EEA500G12P,2023-07-19,0.0,0.51229155
EEA500G12P,2023-07-20,0.0,0.0
EEA500G12P,2023-07-21,0.0,0.8436383
EEA500G12P,2023-07-22,0.0,1.033958
EEA500G12P,2023-07-23,0.0,1.033958
EEA500G12P,2023-07-24,0.0,0.0
EEA500G12P,2023-07-25,0.0,0.68966544
EEA500G12P,2023-07-26,0.0,0.68966544
EEA500G12P,2023-07-27,0.0,1.506819
EEA500G12P,2023-07-28,0.0,0.2202681
EEA500G12P,2023-07-29,0.0,1.5160115
EEA500G12P,2023-07-30,0.0,1.6518505
EEA500G12P,2023-07-31,0.0,1.642658
EEA500G12P,2023-08-01,0.0,0.5861457
EEA500G12P,2023-08-02,0.0,1.2767655
MAC1K25P,2023-06-26,0.0,12.352456
MAC1K25P,2023-06-27,0.0,2.4802752
MAC1K25P,2023-06-28,15.0,1.814745
MAC1K25P,2023-06-29,0.0,1.814745
MAC1K25P,2023-06-30,0.0,0.5281941
MAC1K25P,2023-07-01,0.0,1.5846914
MAC1K25P,2023-07-02,10.0,11.171869
MAC1K25P,2023-07-03,0.0,13.010693
MAC1K25P,2023-07-04,0.0,2.1739
MAC1K25P,2023-07-05,0.0,1.9100349
MAC1K25P,2023-07-06,0.0,11.41568
MAC1K25P,2023-07-07,0.0,2.1739
MAC1K25P,2023-07-08,0.0,1.2624489
MAC1K25P,2023-07-09,0.0,14.147427
MAC1K25P,2023-07-10,10.0,9.608073
MAC1K25P,2023-07-11,0.0,0.0
MAC1K25P,2023-07-12,60.0,6.5823107
MAC1K25P,2023-07-13,0.0,6.5823107
MAC1K25P,2023-07-14,0.0,2.4152322
MAC1K25P,2023-07-15,0.0,1.4614578
MAC1K25P,2023-07-16,0.0,12.614125
MAC1K25P,2023-07-17,5.0,2.4152322
MAC1K25P,2023-07-18,0.0,1.4614578
MAC1K25P,2023-07-19,0.0,10.651208
MAC1K25P,2023-07-20,0.0,3.225862
MAC1K25P,2023-07-21,0.0,1.1931473
MAC1K25P,2023-07-22,0.0,1.2060448
MAC1K25P,2023-07-23,0.0,12.731427
MAC1K25P,2023-07-24,0.0,2.0021071
MAC1K25P,2023-07-25,50.0,0.0
MAC1K25P,2023-07-26,0.0,9.225173
MAC1K25P,2023-07-27,10.0,0.0
MAC1K25P,2023-07-28,0.0,0.0
MAC1K25P,2023-07-29,0.0,0.4643432
MAC1K25P,2023-07-30,0.0,5.8724194
MAC1K25P,2023-07-31,0.0,12.419463
MAC1K25P,2023-08-01,0.0,0.0
MAC1K25P,2023-08-02,0.0,16.121359
MAHS025K,2023-06-26,0.0,26.949652
MAHS025K,2023-06-27,5.0,13.92761
MAHS025K,2023-06-28,65.0,74.67165
MAHS025K,2023-06-29,222.0,40.624424
MAHS025K,2023-06-30,0.0,0.17417985
MAHS025K,2023-07-01,0.0,4.744727
MAHS025K,2023-07-02,0.0,95.06698
MAHS025K,2023-07-03,5.0,14.785476
MAHS025K,2023-07-04,55.0,26.502445
MAHS025K,2023-07-05,5.0,65.14776
MAHS025K,2023-07-06,42.0,64.81957
MAHS025K,2023-07-07,0.0,8.92984
MAHS025K,2023-07-08,0.0,4.422484
MAHS025K,2023-07-09,35.0,135.80988
MAHS025K,2023-07-10,120.0,21.893402
MAHS025K,2023-07-11,105.0,52.935154
MAHS025K,2023-07-12,23.0,8.605113
MAHS025K,2023-07-13,38.0,69.48268
MAHS025K,2023-07-14,0.0,5.5752625
MAHS025K,2023-07-15,0.0,0.0
MAHS025K,2023-07-16,40.0,29.861176
MAHS025K,2023-07-17,135.0,11.187689
MAHS025K,2023-07-18,0.0,17.096537
MAHS025K,2023-07-19,200.0,19.87651
MAHS025K,2023-07-20,65.0,110.69995
MAHS025K,2023-07-21,0.0,10.785556
MAHS025K,2023-07-22,0.0,4.3660774
MAHS025K,2023-07-23,85.0,8.681018
MAHS025K,2023-07-24,235.0,14.419867
MAHS025K,2023-07-25,66.0,29.605232
MAHS025K,2023-07-26,20.0,74.7106
MAHS025K,2023-07-27,0.0,117.5024
MAHS025K,2023-07-28,0.0,23.650278
MAHS025K,2023-07-29,0.0,7.4644585
MAHS025K,2023-07-30,41.0,17.697186
MAHS025K,2023-07-31,0.0,61.7549
MAHS025K,2023-08-01,0.0,86.58712
MAHS025K,2023-08-02,0.0,44.280937
MAP1K25P,2023-06-26,0.0,0.99759144
MAP1K25P,2023-06-27,0.0,2.140088
MAP1K25P,2023-06-28,0.0,1.714704
MAP1K25P,2023-06-29,0.0,0.59098953
MAP1K25P,2023-06-30,0.0,0.5281941
MAP1K25P,2023-07-01,0.0,1.5846914
MAP1K25P,2023-07-02,0.0,0.3609366
MAP1K25P,2023-07-03,0.0,0.3609366
MAP1K25P,2023-07-04,0.0,0.3609366
MAP1K25P,2023-07-05,0.0,0.68627995
MAP1K25P,2023-07-06,0.0,0.3609366
MAP1K25P,2023-07-07,0.0,1.5846914
MAP1K25P,2023-07-08,0.0,1.2624489
MAP1K25P,2023-07-09,0.0,1.298247
MAP1K25P,2023-07-10,0.0,0.22215727
MAP1K25P,2023-07-11,0.0,0.4116616
MAP1K25P,2023-07-12,0.0,0.086318254
MAP1K25P,2023-07-13,0.0,0.086318254
MAP1K25P,2023-07-14,0.0,0.820217
MAP1K25P,2023-07-15,0.0,1.4614578
MAP1K25P,2023-07-16,0.0,0.7201761
MAP1K25P,2023-07-17,0.0,0.0
MAP1K25P,2023-07-18,0.0,1.4614578
MAP1K25P,2023-07-19,25.0,0.820217
MAP1K25P,2023-07-20,440.0,0.0
MAP1K25P,2023-07-21,0.0,0.0
MAP1K25P,2023-07-22,0.0,0.0
MAP1K25P,2023-07-23,0.0,0.0
MAP1K25P,2023-07-24,0.0,0.0
MAP1K25P,2023-07-25,0.0,0.0
MAP1K25P,2023-07-26,0.0,0.0
MAP1K25P,2023-07-27,0.0,0.4643432
MAP1K25P,2023-07-28,0.0,0.0
MAP1K25P,2023-07-29,0.0,0.4643432
MAP1K25P,2023-07-30,0.0,0.600182
MAP1K25P,2023-07-31,10.0,0.59098953
MAP1K25P,2023-08-01,0.0,0.55044097
MAP1K25P,2023-08-02,0.0,4.5400395
MAPA1K24P,2023-06-26,0.0,0.99759144
MAPA1K24P,2023-06-27,0.0,2.140088
MAPA1K24P,2023-06-28,0.0,1.714704
MAPA1K24P,2023-06-29,0.0,0.59098953
MAPA1K24P,2023-06-30,0.0,0.5281941
MAPA1K24P,2023-07-01,0.0,1.5846914
MAPA1K24P,2023-07-02,0.0,0.3609366
MAPA1K24P,2023-07-03,0.0,0.3609366
MAPA1K24P,2023-07-04,0.0,0.3609366
MAPA1K24P,2023-07-05,0.0,0.68627995
MAPA1K24P,2023-07-06,0.0,0.3609366
MAPA1K24P,2023-07-07,0.0,1.5846914
MAPA1K24P,2023-07-08,0.0,1.2624489
MAPA1K24P,2023-07-09,0.0,1.298247
MAPA1K24P,2023-07-10,0.0,0.22215727
MAPA1K24P,2023-07-11,0.0,0.4116616
MAPA1K24P,2023-07-12,0.0,0.086318254
MAPA1K24P,2023-07-13,0.0,0.086318254
MAPA1K24P,2023-07-14,0.0,0.820217
MAPA1K24P,2023-07-15,0.0,1.4614578
MAPA1K24P,2023-07-16,0.0,0.7201761
MAPA1K24P,2023-07-17,0.0,0.0
MAPA1K24P,2023-07-18,0.0,1.4614578
MAPA1K24P,2023-07-19,0.0,0.7201761
MAPA1K24P,2023-07-20,0.0,0.0
MAPA1K24P,2023-07-21,0.0,0.0
MAPA1K24P,2023-07-22,0.0,0.0
MAPA1K24P,2023-07-23,0.0,0.0
MAPA1K24P,2023-07-24,0.0,0.0
MAPA1K24P,2023-07-25,0.0,0.0
MAPA1K24P,2023-07-26,0.0,0.0
MAPA1K24P,2023-07-27,0.0,0.4643432
MAPA1K24P,2023-07-28,0.0,0.0
MAPA1K24P,2023-07-29,0.0,0.4643432
MAPA1K24P,2023-07-30,0.0,0.600182
MAPA1K24P,2023-07-31,0.0,0.59098953
MAPA1K24P,2023-08-01,0.0,0.55044097
MAPA1K24P,2023-08-02,0.0,0.22509757
MAR01K24P,2023-06-26,1521.0,1092.9539
MAR01K24P,2023-06-27,1396.0,1077.8083
MAR01K24P,2023-06-28,1207.542,908.4914
MAR01K24P,2023-06-29,1400.0,1185.1652
MAR01K24P,2023-06-30,0.0,145.71222
MAR01K24P,2023-07-01,256.66,261.20493
MAR01K24P,2023-07-02,1607.417,1468.7085
MAR01K24P,2023-07-03,795.0,990.8229
MAR01K24P,2023-07-04,481.0,936.7644
MAR01K24P,2023-07-05,358.0,1020.42065
MAR01K24P,2023-07-06,872.0,1476.5804
MAR01K24P,2023-07-07,0.0,266.7156
MAR01K24P,2023-07-08,80.167,385.67313
MAR01K24P,2023-07-09,1110.0,1615.1245
MAR01K24P,2023-07-10,845.29,849.46497
MAR01K24P,2023-07-11,1373.0,724.5812
MAR01K24P,2023-07-12,804.0,688.4225
MAR01K24P,2023-07-13,1144.0,785.8764
MAR01K24P,2023-07-14,0.0,0.0
MAR01K24P,2023-07-15,242.0,74.23727
MAR01K24P,2023-07-16,793.0,1043.3835
MAR01K24P,2023-07-17,1416.0,695.2294
MAR01K24P,2023-07-18,120.0,881.8355
MAR01K24P,2023-07-19,584.0,713.9372
MAR01K24P,2023-07-20,1330.0,1088.5839
MAR01K24P,2023-07-21,0.0,248.64322
MAR01K24P,2023-07-22,0.0,236.88737
MAR01K24P,2023-07-23,833.0,1275.9521
MAR01K24P,2023-07-24,531.67,781.4128
MAR01K24P,2023-07-25,706.583,857.5129
MAR01K24P,2023-07-26,933.0,996.57025
MAR01K24P,2023-07-27,723.0,810.4162
MAR01K24P,2023-07-28,0.0,10.533397
MAR01K24P,2023-07-29,22.42,133.00038
MAR01K24P,2023-07-30,628.0,1290.4489
MAR01K24P,2023-07-31,852.0,1649.3159
MAR01K24P,2023-08-01,0.0,1063.84
MAR01K24P,2023-08-02,0.0,692.18176
MAR02K12P,2023-06-26,15.0,162.19878
MAR02K12P,2023-06-27,98.0,129.1931
MAR02K12P,2023-06-28,289.25,175.82162
MAR02K12P,2023-06-29,63.0,232.43968
MAR02K12P,2023-06-30,0.0,19.5763
MAR02K12P,2023-07-01,143.0,201.36267
MAR02K12P,2023-07-02,29.0,183.31436
MAR02K12P,2023-07-03,8.0,168.08865
MAR02K12P,2023-07-04,100.0,95.458626
MAR02K12P,2023-07-05,141.0,170.40219
MAR02K12P,2023-07-06,124.0,314.54108
MAR02K12P,2023-07-07,0.0,17.594627
MAR02K12P,2023-07-08,127.583,183.53592
MAR02K12P,2023-07-09,110.0,123.51125
MAR02K12P,2023-07-10,29.0,135.49236
MAR02K12P,2023-07-11,60.0,71.260796
MAR02K12P,2023-07-12,33.0,89.56846
MAR02K12P,2023-07-13,40.0,314.20264
MAR02K12P,2023-07-14,0.0,4.6745915
MAR02K12P,2023-07-15,98.0,149.79312
MAR02K12P,2023-07-16,109.0,77.772964
MAR02K12P,2023-07-17,132.0,87.065094
MAR02K12P,2023-07-18,0.0,51.932354
MAR02K12P,2023-07-19,165.0,113.51439
MAR02K12P,2023-07-20,165.0,72.41084
MAR02K12P,2023-07-21,0.0,37.645264
MAR02K12P,2023-07-22,0.0,75.05211
MAR02K12P,2023-07-23,59.0,29.510464
MAR02K12P,2023-07-24,86.33,51.906616
MAR02K12P,2023-07-25,263.0,81.23415
MAR02K12P,2023-07-26,84.0,164.44409
MAR02K12P,2023-07-27,826.0,104.0515
MAR02K12P,2023-07-28,0.0,20.499521
MAR02K12P,2023-07-29,84.0,118.31355
MAR02K12P,2023-07-30,140.0,71.18921
MAR02K12P,2023-07-31,84.0,60.099182
MAR02K12P,2023-08-01,0.0,92.12358
MAR02K12P,2023-08-02,0.0,122.37677
MASR025K,2023-06-26,0.0,258.30627
MASR025K,2023-06-27,65.0,220.15497
MASR025K,2023-06-28,20.0,56.906036
MASR025K,2023-06-29,21.0,55.039253
MASR025K,2023-06-30,0.0,6.840408
MASR025K,2023-07-01,238.0,136.80804
MASR025K,2023-07-02,200.0,120.94484
MASR025K,2023-07-03,315.0,213.7529
MASR025K,2023-07-04,20.0,259.60748
MASR025K,2023-07-05,10.0,90.44722
MASR025K,2023-07-06,252.0,179.78793
MASR025K,2023-07-07,0.0,9.551904
MASR025K,2023-07-08,0.0,136.57921
MASR025K,2023-07-09,145.0,99.050064
MASR025K,2023-07-10,91.0,235.07356
MASR025K,2023-07-11,130.0,147.86392
MASR025K,2023-07-12,140.0,35.734737
MASR025K,2023-07-13,15.0,117.49885
MASR025K,2023-07-14,0.0,1.0261014
MASR025K,2023-07-15,133.0,124.13128
MASR025K,2023-07-16,365.0,18.799
MASR025K,2023-07-17,283.0,202.53653
MASR025K,2023-07-18,0.0,40.872074
MASR025K,2023-07-19,155.0,31.633108
MASR025K,2023-07-20,675.0,40.358177
MASR025K,2023-07-21,0.0,1.9558415
MASR025K,2023-07-22,0.0,108.74718
MASR025K,2023-07-23,127.0,127.48096
MASR025K,2023-07-24,195.0,134.30789
MASR025K,2023-07-25,221.0,92.242546
MASR025K,2023-07-26,80.0,33.37048
MASR025K,2023-07-27,427.0,102.52666
MASR025K,2023-07-28,0.0,17.377659
MASR025K,2023-07-29,25.0,128.90706
MASR025K,2023-07-30,1004.0,404.29514
MASR025K,2023-07-31,259.0,173.29967
MASR025K,2023-08-01,0.0,46.628853
MASR025K,2023-08-02,0.0,59.11125
POP001L12P,2023-06-26,454.9999999999999,883.24976
POP001L12P,2023-06-27,749.0,767.31305
POP001L12P,2023-06-28,2030.0,654.03326
POP001L12P,2023-06-29,673.0,602.413
POP001L12P,2023-06-30,0.0,0.0
POP001L12P,2023-07-01,0.0,191.16887
POP001L12P,2023-07-02,1582.0,1089.9363
POP001L12P,2023-07-03,797.0,1138.0352
POP001L12P,2023-07-04,1622.0,504.05
POP001L12P,2023-07-05,170.0,671.4492
POP001L12P,2023-07-06,735.0000000000001,1141.1686
POP001L12P,2023-07-07,0.0,88.51469
POP001L12P,2023-07-08,5.0,598.582
POP001L12P,2023-07-09,391.0,1095.1046
POP001L12P,2023-07-10,138.0,673.8118
POP001L12P,2023-07-11,35.0,396.84476
POP001L12P,2023-07-12,3260.0,990.5958
POP001L12P,2023-07-13,1030.0,496.6874
POP001L12P,2023-07-14,0.0,1.7993917
POP001L12P,2023-07-15,0.0,135.0407
POP001L12P,2023-07-16,1324.0,1022.4014
POP001L12P,2023-07-17,385.0,641.48425
POP001L12P,2023-07-18,600.0,722.8707
POP001L12P,2023-07-19,5769.0,595.69214
POP001L12P,2023-07-20,4390.0,1051.9152
POP001L12P,2023-07-21,0.0,52.04144
POP001L12P,2023-07-22,0.0,111.9529
POP001L12P,2023-07-23,1079.0,868.9745
POP001L12P,2023-07-24,120.0,806.28986
POP001L12P,2023-07-25,32.0,435.1197
POP001L12P,2023-07-26,64.0,982.35236
POP001L12P,2023-07-27,2425.0,1030.1876
POP001L12P,2023-07-28,0.0,131.421
POP001L12P,2023-07-29,0.0,144.86433
POP001L12P,2023-07-30,381.0000000000001,1204.6871
POP001L12P,2023-07-31,645.0,693.73517
POP001L12P,2023-08-01,0.0,832.85315
POP001L12P,2023-08-02,0.0,709.2578
POP002L09P,2023-06-26,535.0,352.84552
POP002L09P,2023-06-27,405.0000000000001,209.96362
POP002L09P,2023-06-28,527.0,209.64609
POP002L09P,2023-06-29,225.0000000000001,279.3199
POP002L09P,2023-06-30,0.0,8.92008
POP002L09P,2023-07-01,30.0,27.259144
POP002L09P,2023-07-02,511.0000000000001,298.84964
POP002L09P,2023-07-03,310.0000000000001,311.15585
POP002L09P,2023-07-04,266.0,211.37892
POP002L09P,2023-07-05,45.00000000000001,244.0446
POP002L09P,2023-07-06,235.0,290.69257
POP002L09P,2023-07-07,0.0,38.426376
POP002L09P,2023-07-08,0.0,48.164795
POP002L09P,2023-07-09,197.0000000000001,221.23358
POP002L09P,2023-07-10,166.0,241.01387
POP002L09P,2023-07-11,229.0000000000001,202.85713
POP002L09P,2023-07-12,207.0,177.51123
POP002L09P,2023-07-13,159.0,238.5949
POP002L09P,2023-07-14,0.0,9.511369
POP002L09P,2023-07-15,10.0,29.057148
POP002L09P,2023-07-16,378.0000000000002,206.52373
POP002L09P,2023-07-17,189.0,232.33452
POP002L09P,2023-07-18,100.0,142.69322
POP002L09P,2023-07-19,262.0000000000001,152.77191
POP002L09P,2023-07-20,255.0000000000001,189.68837
POP002L09P,2023-07-21,0.0,43.26729
POP002L09P,2023-07-22,0.0,31.544037
POP002L09P,2023-07-23,541.0000000000001,259.529
POP002L09P,2023-07-24,199.0,276.2818
POP002L09P,2023-07-25,205.0000000000001,235.37898
POP002L09P,2023-07-26,266.0000000000001,182.29207
POP002L09P,2023-07-27,275.0000000000001,206.65018
POP002L09P,2023-07-28,0.0,35.695663
POP002L09P,2023-07-29,0.0,30.66406
POP002L09P,2023-07-30,245.0000000000001,259.05545
POP002L09P,2023-07-31,262.0,387.0308
POP002L09P,2023-08-01,0.0,297.65314
POP002L09P,2023-08-02,0.0,164.9707
POP005L04P,2023-06-26,116.0,110.75688
POP005L04P,2023-06-27,156.0,83.50209
POP005L04P,2023-06-28,97.0,91.88847
POP005L04P,2023-06-29,82.00000000000001,196.04353
POP005L04P,2023-06-30,0.0,25.296421
POP005L04P,2023-07-01,20.0,8.564673
POP005L04P,2023-07-02,136.0,168.85872
POP005L04P,2023-07-03,66.0,183.5014
POP005L04P,2023-07-04,48.0,143.2931
POP005L04P,2023-07-05,10.0,94.521225
POP005L04P,2023-07-06,74.0,178.03238
POP005L04P,2023-07-07,0.0,17.411827
POP005L04P,2023-07-08,0.0,23.314133
POP005L04P,2023-07-09,28.0,129.84555
POP005L04P,2023-07-10,65.0,154.34204
POP005L04P,2023-07-11,30.0,127.57625
POP005L04P,2023-07-12,24.0,59.139503
POP005L04P,2023-07-13,70.99999999999999,153.62578
POP005L04P,2023-07-14,0.0,8.084017
POP005L04P,2023-07-15,0.0,8.758761
POP005L04P,2023-07-16,125.0,117.52855
POP005L04P,2023-07-17,57.00000000000001,102.75169
POP005L04P,2023-07-18,0.0,87.71042
POP005L04P,2023-07-19,42.0,35.811543
POP005L04P,2023-07-20,105.0,73.82116
POP005L04P,2023-07-21,0.0,37.2577
POP005L04P,2023-07-22,0.0,14.861271
POP005L04P,2023-07-23,134.0,110.51447
POP005L04P,2023-07-24,110.0,121.08579
POP005L04P,2023-07-25,5.0,113.08735
POP005L04P,2023-07-26,25.0,69.93752
POP005L04P,2023-07-27,37.0,62.35212
POP005L04P,2023-07-28,0.0,12.319601
POP005L04P,2023-07-29,0.0,9.3576145
POP005L04P,2023-07-30,18.0,107.207985
POP005L04P,2023-07-31,115.0,95.78782
POP005L04P,2023-08-01,0.0,94.997375
POP005L04P,2023-08-02,0.0,50.85093
POP015K,2023-06-26,0.0,0.06286499
POP015K,2023-06-27,0.0,0.96250314
POP015K,2023-06-28,0.0,0.63715976
POP015K,2023-06-29,0.0,0.63715976
POP015K,2023-06-30,0.0,0.0
POP015K,2023-07-01,0.0,0.0
POP015K,2023-07-02,0.0,0.0
POP015K,2023-07-03,0.0,0.02427061
POP015K,2023-07-04,0.0,0.0
POP015K,2023-07-05,0.0,0.213775
POP015K,2023-07-06,0.0,0.0
POP015K,2023-07-07,0.0,0.0
POP015K,2023-07-08,0.0,0.0
POP015K,2023-07-09,0.0,0.0
POP015K,2023-07-10,0.0,0.0
POP015K,2023-07-11,0.0,0.0
POP015K,2023-07-12,0.0,0.0
POP015K,2023-07-13,0.0,0.0
POP015K,2023-07-14,0.0,0.0
POP015K,2023-07-15,0.0,0.0
POP015K,2023-07-16,0.0,0.0
POP015K,2023-07-17,0.0,0.0
POP015K,2023-07-18,0.0,0.0
POP015K,2023-07-19,0.0,0.0
POP015K,2023-07-20,0.0,10.370096
POP015K,2023-07-21,0.0,14.252473
POP015K,2023-07-22,0.0,0.0
POP015K,2023-07-23,0.0,0.0
POP015K,2023-07-24,0.0,13.093686
POP015K,2023-07-25,0.0,0.0
POP015K,2023-07-26,0.0,0.0
POP015K,2023-07-27,0.0,0.63715976
POP015K,2023-07-28,0.0,0.0
POP015K,2023-07-29,0.0,0.29225636
POP015K,2023-07-30,0.0,0.4280952
POP015K,2023-07-31,0.0,0.772999
POP015K,2023-08-01,0.0,0.0
POP015K,2023-08-02,0.0,0.0
POP500M24P,2023-06-26,540.9999999999999,621.99896
POP500M24P,2023-06-27,613.9999999999999,706.8916
POP500M24P,2023-06-28,591.9999999999999,394.1241
POP500M24P,2023-06-29,341.0,664.54675
POP500M24P,2023-06-30,0.0,34.57221
POP500M24P,2023-07-01,88.99999999999999,23.736383
POP500M24P,2023-07-02,734.9999999999999,753.0117
POP500M24P,2023-07-03,421.9999999999999,609.7576
POP500M24P,2023-07-04,511.0,450.76974
POP500M24P,2023-07-05,81.00000000000001,427.6957
POP500M24P,2023-07-06,362.9999999999999,745.22125
POP500M24P,2023-07-07,0.0,71.96984
POP500M24P,2023-07-08,10.0,75.92611
POP500M24P,2023-07-09,463.9999999999999,575.888
POP500M24P,2023-07-10,360.0,477.83987
POP500M24P,2023-07-11,382.0000000000001,343.77612
POP500M24P,2023-07-12,299.0,270.01337
POP500M24P,2023-07-13,220.0,712.7517
POP500M24P,2023-07-14,0.0,12.54434
POP500M24P,2023-07-15,0.0,73.157745
POP500M24P,2023-07-16,848.0000000000001,576.56573
POP500M24P,2023-07-17,400.0,459.4033
POP500M24P,2023-07-18,100.0,323.6097
POP500M24P,2023-07-19,489.9999999999999,305.0788
POP500M24P,2023-07-20,839.0000000000001,454.2159
POP500M24P,2023-07-21,0.0,30.978569
POP500M24P,2023-07-22,0.0,106.41816
POP500M24P,2023-07-23,874.0000000000001,377.0586
POP500M24P,2023-07-24,560.0,318.96432
POP500M24P,2023-07-25,500.0000000000001,296.78326
POP500M24P,2023-07-26,276.0,199.45216
POP500M24P,2023-07-27,494.9999999999999,264.86487
POP500M24P,2023-07-28,0.0,30.655575
POP500M24P,2023-07-29,0.0,65.53295
POP500M24P,2023-07-30,444.9999999999999,541.2
POP500M24P,2023-07-31,276.0000000000001,539.6058
POP500M24P,2023-08-01,0.0,381.18454
POP500M24P,2023-08-02,0.0,206.81477
POPF01L12P,2023-06-26,115.0,108.52386
POPF01L12P,2023-06-27,195.0,109.78818
POPF01L12P,2023-06-28,120.0,116.11547
POPF01L12P,2023-06-29,120.0,437.47357
POPF01L12P,2023-06-30,0.0,29.992561
POPF01L12P,2023-07-01,25.0,21.109035
POPF01L12P,2023-07-02,65.0,271.3049
POPF01L12P,2023-07-03,88.0,206.85172
POPF01L12P,2023-07-04,302.0,156.20908
POPF01L12P,2023-07-05,0.0,197.66805
POPF01L12P,2023-07-06,265.0,444.4841
POPF01L12P,2023-07-07,0.0,23.911488
POPF01L12P,2023-07-08,0.0,0.0
POPF01L12P,2023-07-09,610.0000000000001,222.51414
POPF01L12P,2023-07-10,505.9999999999999,190.55986
POPF01L12P,2023-07-11,292.9999999999999,97.68677
POPF01L12P,2023-07-12,16.0,135.6456
POPF01L12P,2023-07-13,43.00000000000001,463.66376
POPF01L12P,2023-07-14,0.0,3.8566866
POPF01L12P,2023-07-15,80.0,3.5010881
POPF01L12P,2023-07-16,272.0,189.08499
POPF01L12P,2023-07-17,99.0,201.61534
POPF01L12P,2023-07-18,400.0,127.02595
POPF01L12P,2023-07-19,50.0,40.089565
POPF01L12P,2023-07-20,145.0,101.069176
POPF01L12P,2023-07-21,0.0,16.46115
POPF01L12P,2023-07-22,0.0,19.492708
POPF01L12P,2023-07-23,155.0,242.17146
POPF01L12P,2023-07-24,155.0,154.77397
POPF01L12P,2023-07-25,170.0,196.65459
POPF01L12P,2023-07-26,145.0,98.02186
POPF01L12P,2023-07-27,748.0,121.08108
POPF01L12P,2023-07-28,0.0,21.670849
POPF01L12P,2023-07-29,0.0,8.026658
POPF01L12P,2023-07-30,232.0,285.96625
POPF01L12P,2023-07-31,240.0,226.17871
POPF01L12P,2023-08-01,0.0,227.6587
POPF01L12P,2023-08-02,0.0,59.163536
POV001L24P,2023-06-26,2331.0,1519.1145
POV001L24P,2023-06-27,2528.0,1520.019
POV001L24P,2023-06-28,2055.0,910.88574
POV001L24P,2023-06-29,3341.0,1457.791
POV001L24P,2023-06-30,0.0,0.0
POV001L24P,2023-07-01,309.0,245.77771
POV001L24P,2023-07-02,4290.0,1957.4578
POV001L24P,2023-07-03,2360.0,1638.7633
POV001L24P,2023-07-04,1091.0,1821.1268
POV001L24P,2023-07-05,565.0,1270.1317
POV001L24P,2023-07-06,2330.000000000001,3563.7388
POV001L24P,2023-07-07,0.0,184.65897
POV001L24P,2023-07-08,99.0,691.2891
POV001L24P,2023-07-09,2636.0,3337.0032
POV001L24P,2023-07-10,1091.0,1980.0005
POV001L24P,2023-07-11,904.0,1478.5249
POV001L24P,2023-07-12,2062.0,1308.0903
POV001L24P,2023-07-13,2572.0,1501.2736
POV001L24P,2023-07-14,0.0,0.0
POV001L24P,2023-07-15,185.0,115.95942
POV001L24P,2023-07-16,4394.999999999999,1651.7637
POV001L24P,2023-07-17,1729.0,1426.3755
POV001L24P,2023-07-18,1442.0,1214.424
POV001L24P,2023-07-19,3440.0,1053.3187
POV001L24P,2023-07-20,7625.999999999997,1944.3818
POV001L24P,2023-07-21,0.0,313.21762
POV001L24P,2023-07-22,0.0,354.97177
POV001L24P,2023-07-23,3958.999999999998,1754.9774
POV001L24P,2023-07-24,1818.0,2073.5085
POV001L24P,2023-07-25,1988.000000000001,880.2774
POV001L24P,2023-07-26,1256.0,986.78516
POV001L24P,2023-07-27,2060.000000000001,1536.055
POV001L24P,2023-07-28,0.0,4.2737203
POV001L24P,2023-07-29,180.0,535.63354
POV001L24P,2023-07-30,2644.0,2953.0813
POV001L24P,2023-07-31,1350.0,2478.9556
POV001L24P,2023-08-01,0.0,1502.4039
POV001L24P,2023-08-02,0.0,1013.5979
POV002L09P,2023-06-26,870.0,746.5188
POV002L09P,2023-06-27,970.0,850.7108
POV002L09P,2023-06-28,1055.0,522.3461
POV002L09P,2023-06-29,1764.0,694.11005
POV002L09P,2023-06-30,0.0,14.01326
POV002L09P,2023-07-01,330.0,16.801998
POV002L09P,2023-07-02,1215.0,873.2239
POV002L09P,2023-07-03,952.0,1093.3978
POV002L09P,2023-07-04,629.0000000000003,617.36505
POV002L09P,2023-07-05,160.0,607.3995
POV002L09P,2023-07-06,849.9999999999999,727.5621
POV002L09P,2023-07-07,0.0,196.42017
POV002L09P,2023-07-08,98.0,197.13284
POV002L09P,2023-07-09,547.0,1041.1451
POV002L09P,2023-07-10,280.0000000000001,932.06305
POV002L09P,2023-07-11,185.0,558.67114
POV002L09P,2023-07-12,704.0000000000001,405.76306
POV002L09P,2023-07-13,1642.0,616.5763
POV002L09P,2023-07-14,0.0,19.262634
POV002L09P,2023-07-15,100.0,93.44602
POV002L09P,2023-07-16,1380.0,751.57465
POV002L09P,2023-07-17,702.9999999999999,898.3291
POV002L09P,2023-07-18,270.0000000000001,771.306
POV002L09P,2023-07-19,1212.0,340.6926
POV002L09P,2023-07-20,2372.000000000001,571.9667
POV002L09P,2023-07-21,0.0,98.60985
POV002L09P,2023-07-22,0.0,149.69833
POV002L09P,2023-07-23,1153.0,840.2081
POV002L09P,2023-07-24,626.9999999999999,949.1762
POV002L09P,2023-07-25,483.0,470.23135
POV002L09P,2023-07-26,405.0,485.59222
POV002L09P,2023-07-27,722.0,803.4752
POV002L09P,2023-07-28,0.0,0.0
POV002L09P,2023-07-29,100.0,196.60373
POV002L09P,2023-07-30,797.0,975.84283
POV002L09P,2023-07-31,516.0,942.7227
POV002L09P,2023-08-01,0.0,727.9746
POV002L09P,2023-08-02,0.0,663.663
POV005L04P,2023-06-26,335.0,408.12277
POV005L04P,2023-06-27,370.0,183.3115
POV005L04P,2023-06-28,237.0,249.3595
POV005L04P,2023-06-29,855.0,410.99698
POV005L04P,2023-06-30,0.0,0.0
POV005L04P,2023-07-01,211.0,148.3247
POV005L04P,2023-07-02,365.0,801.663
POV005L04P,2023-07-03,467.0,490.20062
POV005L04P,2023-07-04,210.0,270.71548
POV005L04P,2023-07-05,25.0,206.61761
POV005L04P,2023-07-06,236.0,391.88748
POV005L04P,2023-07-07,0.0,42.056877
POV005L04P,2023-07-08,127.0,218.53882
POV005L04P,2023-07-09,385.0,541.23413
POV005L04P,2023-07-10,182.0,360.5167
POV005L04P,2023-07-11,175.0,211.91309
POV005L04P,2023-07-12,221.0,179.72664
POV005L04P,2023-07-13,417.0,525.9361
POV005L04P,2023-07-14,0.0,0.0
POV005L04P,2023-07-15,30.0,111.69275
POV005L04P,2023-07-16,278.0000000000001,587.26697
POV005L04P,2023-07-17,225.0,296.92776
POV005L04P,2023-07-18,410.0,149.942
POV005L04P,2023-07-19,438.0,123.71779
POV005L04P,2023-07-20,864.9999999999999,379.74628
POV005L04P,2023-07-21,0.0,142.28659
POV005L04P,2023-07-22,0.0,141.3577
POV005L04P,2023-07-23,540.0,310.5922
POV005L04P,2023-07-24,276.0000000000001,447.72784
POV005L04P,2023-07-25,234.0,274.43567
POV005L04P,2023-07-26,145.0,169.7604
POV005L04P,2023-07-27,541.0000000000001,397.60953
POV005L04P,2023-07-28,0.0,0.0
POV005L04P,2023-07-29,165.0,133.5136
POV005L04P,2023-07-30,435.0,418.8007
POV005L04P,2023-07-31,355.0,394.38733
POV005L04P,2023-08-01,0.0,285.5436
POV005L04P,2023-08-02,0.0,197.88832
POV500M24P,2023-06-26,1245.0,1290.667
POV500M24P,2023-06-27,1267.0,847.6863
POV500M24P,2023-06-28,1033.0,836.81244
POV500M24P,2023-06-29,2615.0,1107.5961
POV500M24P,2023-06-30,0.0,0.0
POV500M24P,2023-07-01,190.0,212.30058
POV500M24P,2023-07-02,2213.0,1222.1339
POV500M24P,2023-07-03,1520.0,956.36005
POV500M24P,2023-07-04,778.0,1002.24225
POV500M24P,2023-07-05,244.0000000000001,975.8821
POV500M24P,2023-07-06,1206.0,1188.9794
POV500M24P,2023-07-07,0.0,109.97342
POV500M24P,2023-07-08,41.0,412.21832
POV500M24P,2023-07-09,1416.0,1588.3616
POV500M24P,2023-07-10,514.0,1225.6307
POV500M24P,2023-07-11,558.0,880.23346
POV500M24P,2023-07-12,1305.0,701.65845
POV500M24P,2023-07-13,1317.0,1147.8306
POV500M24P,2023-07-14,0.0,0.0
POV500M24P,2023-07-15,50.0,115.83753
POV500M24P,2023-07-16,2380.0,1168.9958
POV500M24P,2023-07-17,985.0,651.7273
POV500M24P,2023-07-18,1060.0,837.4123
POV500M24P,2023-07-19,1396.0,217.19952
POV500M24P,2023-07-20,4129.999999999999,1081.5685
POV500M24P,2023-07-21,0.0,80.85205
POV500M24P,2023-07-22,0.0,209.15967
POV500M24P,2023-07-23,2175.0,892.4693
POV500M24P,2023-07-24,954.0000000000002,1082.0985
POV500M24P,2023-07-25,1103.0,498.27756
POV500M24P,2023-07-26,415.0,716.632
POV500M24P,2023-07-27,1352.0,1034.8739
POV500M24P,2023-07-28,0.0,101.679695
POV500M24P,2023-07-29,55.0,254.9566
POV500M24P,2023-07-30,1667.000000000001,1973.0422
POV500M24P,2023-07-31,470.0000000000001,1605.9479
POV500M24P,2023-08-01,0.0,1153.6611
POV500M24P,2023-08-02,0.0,828.12067
SE200G24P,2023-06-26,45.0,69.55405
SE200G24P,2023-06-27,153.0,64.265755
SE200G24P,2023-06-28,85.20791666666666,89.596306
SE200G24P,2023-06-29,97.0,73.70063
SE200G24P,2023-06-30,0.0,0.0
SE200G24P,2023-07-01,0.0,5.4610906
SE200G24P,2023-07-02,187.0,71.22642
SE200G24P,2023-07-03,60.0,30.16667
SE200G24P,2023-07-04,53.0,37.800514
SE200G24P,2023-07-05,35.0,86.24384
SE200G24P,2023-07-06,82.00000000000001,74.48698
SE200G24P,2023-07-07,0.0,15.008183
SE200G24P,2023-07-08,0.1670833333333334,1.3956324
SE200G24P,2023-07-09,30.0,67.20503
SE200G24P,2023-07-10,54.00000000000001,65.50985
SE200G24P,2023-07-11,94.0,66.07463
SE200G24P,2023-07-12,37.0,48.07373
SE200G24P,2023-07-13,77.00000000000001,62.043053
SE200G24P,2023-07-14,0.0,0.0
SE200G24P,2023-07-15,0.0,0.0
SE200G24P,2023-07-16,73.0,76.84776
SE200G24P,2023-07-17,78.0,70.80397
SE200G24P,2023-07-18,0.0,54.170033
SE200G24P,2023-07-19,40.0,23.81807
SE200G24P,2023-07-20,47.00000000000001,39.38762
SE200G24P,2023-07-21,0.0,19.667164
SE200G24P,2023-07-22,0.0,2.9702373
SE200G24P,2023-07-23,36.00000000000001,99.775764
SE200G24P,2023-07-24,10.0,94.63896
SE200G24P,2023-07-25,37.29208333333334,113.29046
SE200G24P,2023-07-26,54.0,70.03315
SE200G24P,2023-07-27,100.0,84.36164
SE200G24P,2023-07-28,0.0,13.925628
SE200G24P,2023-07-29,0.0,6.068618
SE200G24P,2023-07-30,120.0,120.825005
SE200G24P,2023-07-31,25.0,82.810875
SE200G24P,2023-08-01,0.0,85.50385
SE200G24P,2023-08-02,0.0,68.60871
SE500G24P,2023-06-26,861.0,960.815
SE500G24P,2023-06-27,951.0,1050.3622
SE500G24P,2023-06-28,992.333,539.9457
SE500G24P,2023-06-29,1223.0,827.0936
SE500G24P,2023-06-30,0.0,202.63287
SE500G24P,2023-07-01,73.5,171.09927
SE500G24P,2023-07-02,1675.0,900.56866
SE500G24P,2023-07-03,1121.0,1044.9806
SE500G24P,2023-07-04,364.0,705.8418
SE500G24P,2023-07-05,705.0,660.59796
SE500G24P,2023-07-06,1367.0,1128.0164
SE500G24P,2023-07-07,0.0,190.91443
SE500G24P,2023-07-08,82.083,281.31937
SE500G24P,2023-07-09,1043.0,1092.8517
SE500G24P,2023-07-10,1198.17,723.5168
SE500G24P,2023-07-11,829.0,641.7397
SE500G24P,2023-07-12,811.0,447.7535
SE500G24P,2023-07-13,822.0,774.6775
SE500G24P,2023-07-14,0.0,0.0
SE500G24P,2023-07-15,50.0,0.0
SE500G24P,2023-07-16,1200.0,903.78546
SE500G24P,2023-07-17,766.0,813.5832
SE500G24P,2023-07-18,380.0,654.72327
SE500G24P,2023-07-19,603.0,575.5505
SE500G24P,2023-07-20,648.0,658.79474
SE500G24P,2023-07-21,0.0,90.66495
SE500G24P,2023-07-22,0.0,0.0
SE500G24P,2023-07-23,468.0,846.30396
SE500G24P,2023-07-24,438.0,630.45917
SE500G24P,2023-07-25,673.167,804.8486
SE500G24P,2023-07-26,545.667,780.3379
SE500G24P,2023-07-27,1087.0,971.2265
SE500G24P,2023-07-28,0.0,0.0
SE500G24P,2023-07-29,83.0,124.536766
SE500G24P,2023-07-30,1407.0,1049.3104
SE500G24P,2023-07-31,800.083,1186.7513
SE500G24P,2023-08-01,0.0,767.33826
SE500G24P,2023-08-02,0.0,492.4765
SO0001L12P,2023-06-26,0.0,0.0
SO0001L12P,2023-06-27,0.0,0.6084072
SO0001L12P,2023-06-28,0.0,0.2830639
SO0001L12P,2023-06-29,0.0,0.2830639
SO0001L12P,2023-06-30,0.0,0.0
SO0001L12P,2023-07-01,0.0,0.053010665
SO0001L12P,2023-07-02,0.0,0.1888496
SO0001L12P,2023-07-03,0.0,0.1888496
SO0001L12P,2023-07-04,0.0,0.053010665
SO0001L12P,2023-07-05,0.0,0.37835404
SO0001L12P,2023-07-06,0.0,0.053010665
SO0001L12P,2023-07-07,0.0,0.053010665
SO0001L12P,2023-07-08,0.0,0.0
SO0001L12P,2023-07-09,0.0,0.002446428
SO0001L12P,2023-07-10,0.0,0.050070528
SO0001L12P,2023-07-11,0.0,0.0
SO0001L12P,2023-07-12,0.0,0.0
SO0001L12P,2023-07-13,0.0,0.0
SO0001L12P,2023-07-14,0.0,0.0
SO0001L12P,2023-07-15,0.0,0.0
SO0001L12P,2023-07-16,0.0,0.0
SO0001L12P,2023-07-17,0.0,0.0
SO0001L12P,2023-07-18,0.0,0.0
SO0001L12P,2023-07-19,0.0,0.0
SO0001L12P,2023-07-20,0.0,0.0
SO0001L12P,2023-07-21,0.0,0.0
SO0001L12P,2023-07-22,0.0,0.0
SO0001L12P,2023-07-23,0.0,0.0
SO0001L12P,2023-07-24,0.0,0.0
SO0001L12P,2023-07-25,0.0,0.0
SO0001L12P,2023-07-26,0.0,0.0
SO0001L12P,2023-07-27,0.0,0.2830639
SO0001L12P,2023-07-28,0.0,0.2830639
SO0001L12P,2023-07-29,0.0,0.29225636
SO0001L12P,2023-07-30,0.0,0.4280952
SO0001L12P,2023-07-31,0.0,0.41890272
SO0001L12P,2023-08-01,0.0,0.0
SO0001L12P,2023-08-02,0.0,0.053010665
SO0002L09P,2023-06-26,0.0,0.0
SO0002L09P,2023-06-27,0.0,0.6084072
SO0002L09P,2023-06-28,0.0,0.2830639
SO0002L09P,2023-06-29,0.0,0.2830639
SO0002L09P,2023-06-30,0.0,0.0
SO0002L09P,2023-07-01,0.0,0.053010665
SO0002L09P,2023-07-02,0.0,0.1888496
SO0002L09P,2023-07-03,0.0,0.1888496
SO0002L09P,2023-07-04,0.0,0.053010665
SO0002L09P,2023-07-05,0.0,0.37835404
SO0002L09P,2023-07-06,0.0,0.053010665
SO0002L09P,2023-07-07,0.0,0.053010665
SO0002L09P,2023-07-08,0.0,0.0
SO0002L09P,2023-07-09,0.0,0.002446428
SO0002L09P,2023-07-10,0.0,0.050070528
SO0002L09P,2023-07-11,0.0,0.0
SO0002L09P,2023-07-12,0.0,0.0
SO0002L09P,2023-07-13,0.0,0.0
SO0002L09P,2023-07-14,0.0,0.0
SO0002L09P,2023-07-15,0.0,0.0
SO0002L09P,2023-07-16,0.0,0.0
SO0002L09P,2023-07-17,0.0,0.0
SO0002L09P,2023-07-18,0.0,0.0
SO0002L09P,2023-07-19,0.0,0.0
SO0002L09P,2023-07-20,0.0,0.0
SO0002L09P,2023-07-21,0.0,0.0
SO0002L09P,2023-07-22,0.0,0.0
SO0002L09P,2023-07-23,0.0,0.0
SO0002L09P,2023-07-24,0.0,0.0
SO0002L09P,2023-07-25,0.0,0.0
SO0002L09P,2023-07-26,0.0,0.0
SO0002L09P,2023-07-27,0.0,0.2830639
SO0002L09P,2023-07-28,0.0,0.2830639
SO0002L09P,2023-07-29,0.0,0.29225636
SO0002L09P,2023-07-30,0.0,0.4280952
SO0002L09P,2023-07-31,0.0,0.41890272
SO0002L09P,2023-08-01,0.0,0.0
SO0002L09P,2023-08-02,0.0,0.053010665
SO0005L04P,2023-06-26,0.0,0.0
SO0005L04P,2023-06-27,0.0,0.6084072
SO0005L04P,2023-06-28,0.0,0.2830639
SO0005L04P,2023-06-29,0.0,0.2830639
SO0005L04P,2023-06-30,0.0,0.0
SO0005L04P,2023-07-01,0.0,0.053010665
SO0005L04P,2023-07-02,0.0,0.1888496
SO0005L04P,2023-07-03,0.0,0.1888496
SO0005L04P,2023-07-04,0.0,0.053010665
SO0005L04P,2023-07-05,0.0,0.37835404
SO0005L04P,2023-07-06,0.0,0.053010665
SO0005L04P,2023-07-07,0.0,0.053010665
SO0005L04P,2023-07-08,0.0,0.0
SO0005L04P,2023-07-09,0.0,0.002446428
SO0005L04P,2023-07-10,0.0,0.050070528
SO0005L04P,2023-07-11,0.0,0.0
SO0005L04P,2023-07-12,0.0,0.0
SO0005L04P,2023-07-13,0.0,0.0
SO0005L04P,2023-07-14,0.0,0.0
SO0005L04P,2023-07-15,0.0,0.0
SO0005L04P,2023-07-16,0.0,0.0
SO0005L04P,2023-07-17,0.0,0.0
SO0005L04P,2023-07-18,0.0,0.0
SO0005L04P,2023-07-19,0.0,0.0
SO0005L04P,2023-07-20,0.0,0.0
SO0005L04P,2023-07-21,0.0,0.0
SO0005L04P,2023-07-22,0.0,0.0
SO0005L04P,2023-07-23,0.0,0.0
SO0005L04P,2023-07-24,0.0,0.0
SO0005L04P,2023-07-25,0.0,0.0
SO0005L04P,2023-07-26,0.0,0.0
SO0005L04P,2023-07-27,0.0,0.2830639
SO0005L04P,2023-07-28,0.0,0.2830639
SO0005L04P,2023-07-29,0.0,0.29225636
SO0005L04P,2023-07-30,0.0,0.4280952
SO0005L04P,2023-07-31,0.0,0.41890272
SO0005L04P,2023-08-01,0.0,0.0
SO0005L04P,2023-08-02,0.0,0.053010665
SO0500M24P,2023-06-26,0.0,0.0
SO0500M24P,2023-06-27,0.0,0.6084072
SO0500M24P,2023-06-28,0.0,0.2830639
SO0500M24P,2023-06-29,0.0,0.2830639
SO0500M24P,2023-06-30,0.0,0.0
SO0500M24P,2023-07-01,0.0,0.053010665
SO0500M24P,2023-07-02,0.0,0.1888496
SO0500M24P,2023-07-03,0.0,0.1888496
SO0500M24P,2023-07-04,0.0,0.053010665
SO0500M24P,2023-07-05,0.0,0.37835404
SO0500M24P,2023-07-06,0.0,0.053010665
SO0500M24P,2023-07-07,0.0,0.053010665
SO0500M24P,2023-07-08,0.0,0.0
SO0500M24P,2023-07-09,0.0,0.002446428
SO0500M24P,2023-07-10,0.0,0.050070528
SO0500M24P,2023-07-11,0.0,0.0
SO0500M24P,2023-07-12,0.0,0.0
SO0500M24P,2023-07-13,0.0,0.0
SO0500M24P,2023-07-14,0.0,0.0
SO0500M24P,2023-07-15,0.0,0.0
SO0500M24P,2023-07-16,0.0,0.0
SO0500M24P,2023-07-17,0.0,0.0
SO0500M24P,2023-07-18,0.0,0.0
SO0500M24P,2023-07-19,0.0,0.0
SO0500M24P,2023-07-20,0.0,0.0
SO0500M24P,2023-07-21,0.0,0.0
SO0500M24P,2023-07-22,0.0,0.0
SO0500M24P,2023-07-23,0.0,0.0
SO0500M24P,2023-07-24,0.0,0.0
SO0500M24P,2023-07-25,0.0,0.0
SO0500M24P,2023-07-26,0.0,0.0
SO0500M24P,2023-07-27,0.0,0.2830639
SO0500M24P,2023-07-28,0.0,0.2830639
SO0500M24P,2023-07-29,0.0,0.29225636
SO0500M24P,2023-07-30,0.0,0.4280952
SO0500M24P,2023-07-31,0.0,0.41890272
SO0500M24P,2023-08-01,0.0,0.0
SO0500M24P,2023-08-02,0.0,0.053010665
SOP001L12P,2023-06-26,110.0,41.68483
SOP001L12P,2023-06-27,150.0,61.47128
SOP001L12P,2023-06-28,346.4999999999999,37.544975
SOP001L12P,2023-06-29,126.0,164.33739
SOP001L12P,2023-06-30,0.0,4.289449
SOP001L12P,2023-07-01,30.67001811594202,108.47483
SOP001L12P,2023-07-02,160.0,146.12079
SOP001L12P,2023-07-03,159.0,53.137566
SOP001L12P,2023-07-04,337.9999999999999,33.202667
SOP001L12P,2023-07-05,24.0,13.548789
SOP001L12P,2023-07-06,89.99999999999999,126.857086
SOP001L12P,2023-07-07,0.0,12.828712
SOP001L12P,2023-07-08,21.0,104.414536
SOP001L12P,2023-07-09,25.0,108.34005
SOP001L12P,2023-07-10,5.670018115942028,106.36842
SOP001L12P,2023-07-11,30.0,65.586105
SOP001L12P,2023-07-12,239.0,22.620089
SOP001L12P,2023-07-13,106.0,90.54205
SOP001L12P,2023-07-14,0.0,6.348001
SOP001L12P,2023-07-15,0.0,112.01918
SOP001L12P,2023-07-16,220.0,113.941574
SOP001L12P,2023-07-17,110.0,124.55595
SOP001L12P,2023-07-18,0.0,59.65885
SOP001L12P,2023-07-19,0.0,105.43933
SOP001L12P,2023-07-20,161.0,47.03733
SOP001L12P,2023-07-21,0.0,3.670452
SOP001L12P,2023-07-22,0.0,28.705793
SOP001L12P,2023-07-23,30.0,91.98477
SOP001L12P,2023-07-24,5.0,160.14243
SOP001L12P,2023-07-25,5.082971014492753,193.99092
SOP001L12P,2023-07-26,27.82998188405797,144.20747
SOP001L12P,2023-07-27,475.9999999999999,114.11125
SOP001L12P,2023-07-28,0.0,11.042493
SOP001L12P,2023-07-29,7.999999999999999,28.497244
SOP001L12P,2023-07-30,30.0,114.39065
SOP001L12P,2023-07-31,30.0,113.08208
SOP001L12P,2023-08-01,0.0,117.58354
SOP001L12P,2023-08-02,0.0,164.17175
SOS001L12P,2023-06-26,5733.999999999997,4683.313
SOS001L12P,2023-06-27,5859.000000000002,4622.231
SOS001L12P,2023-06-28,5557.250000000003,3499.397
SOS001L12P,2023-06-29,8686.999999999996,5534.6274
SOS001L12P,2023-06-30,0.0,619.3941
SOS001L12P,2023-07-01,1063.079981884058,1185.6554
SOS001L12P,2023-07-02,14251.6599637681,8161.4883
SOS001L12P,2023-07-03,6860.416032608694,7222.209
SOS001L12P,2023-07-04,5008.999999999999,6510.047
SOS001L12P,2023-07-05,7130.999999999998,5742.4053
SOS001L12P,2023-07-06,7112.499999999996,9336.382
SOS001L12P,2023-07-07,0.0,489.09116
SOS001L12P,2023-07-08,958.5,2441.5923
SOS001L12P,2023-07-09,8652.000000000004,10841.607
SOS001L12P,2023-07-10,4080.000000000003,6442.8975
SOS001L12P,2023-07-11,5216.000000000002,4619.0034
SOS001L12P,2023-07-12,6352.000000000004,4105.634
SOS001L12P,2023-07-13,7667.000000000003,7234.133
SOS001L12P,2023-07-14,0.0,0.0
SOS001L12P,2023-07-15,686.0,1090.55
SOS001L12P,2023-07-16,8816.82998188405,4553.9883
SOS001L12P,2023-07-17,5584.000000000002,4935.9497
SOS001L12P,2023-07-18,6589.999999999999,4733.183
SOS001L12P,2023-07-19,6704.999999999999,3481.2896
SOS001L12P,2023-07-20,15067.99999999999,4609.658
SOS001L12P,2023-07-21,0.0,305.38403
SOS001L12P,2023-07-22,0.0,1066.0084
SOS001L12P,2023-07-23,10816.0,4815.777
SOS001L12P,2023-07-24,5363.0,4384.2725
SOS001L12P,2023-07-25,6058.332971014493,4208.461
SOS001L12P,2023-07-26,5838.000000000002,4362.559
SOS001L12P,2023-07-27,8487.000000000004,5180.5576
SOS001L12P,2023-07-28,0.0,236.90599
SOS001L12P,2023-07-29,481.9999999999999,2251.2764
SOS001L12P,2023-07-30,6715.999999999998,7472.624
SOS001L12P,2023-07-31,15579.33007246377,5038.723
SOS001L12P,2023-08-01,0.0,6014.1343
SOS001L12P,2023-08-02,0.0,4857.702
SOS002L09P,2023-06-26,4911.999999999999,3597.6248
SOS002L09P,2023-06-27,6212.0,3702.6677
SOS002L09P,2023-06-28,5541.109963768113,2752.341
SOS002L09P,2023-06-29,8372.000000000005,3090.835
SOS002L09P,2023-06-30,0.0,66.642654
SOS002L09P,2023-07-01,1103.219987922706,336.5024
SOS002L09P,2023-07-02,8778.000000000004,5628.1772
SOS002L09P,2023-07-03,5536.999999999998,3051.14
SOS002L09P,2023-07-04,4000.999999999999,3755.1284
SOS002L09P,2023-07-05,5060.000000000001,2927.812
SOS002L09P,2023-07-06,5853.999999999998,5704.2783
SOS002L09P,2023-07-07,0.0,169.96133
SOS002L09P,2023-07-08,872.4440217391302,1284.22
SOS002L09P,2023-07-09,6870.000000000003,5367.0054
SOS002L09P,2023-07-10,2549.0,3826.9272
SOS002L09P,2023-07-11,3121.0,2957.538
SOS002L09P,2023-07-12,4514.0,2483.6458
SOS002L09P,2023-07-13,8627.000000000004,3078.2607
SOS002L09P,2023-07-14,0.0,0.0
SOS002L09P,2023-07-15,664.9999999999998,366.28433
SOS002L09P,2023-07-16,5982.000000000001,2227.7437
SOS002L09P,2023-07-17,4226.0,3860.0208
SOS002L09P,2023-07-18,1090.0,4418.3477
SOS002L09P,2023-07-19,5976.999999999998,2552.6624
SOS002L09P,2023-07-20,8547.000000000004,2493.052
SOS002L09P,2023-07-21,0.0,341.53735
SOS002L09P,2023-07-22,0.0,1104.6605
SOS002L09P,2023-07-23,8522.000000000004,4179.3228
SOS002L09P,2023-07-24,3471.999999999999,4556.493
SOS002L09P,2023-07-25,2927.555978260869,4094.5464
SOS002L09P,2023-07-26,4014.998007246375,3326.0183
SOS002L09P,2023-07-27,5738.000000000003,4820.9683
SOS002L09P,2023-07-28,0.0,0.0
SOS002L09P,2023-07-29,387.0,1565.2263
SOS002L09P,2023-07-30,5045.999999999999,4701.5977
SOS002L09P,2023-07-31,3695.999999999998,3840.9307
SOS002L09P,2023-08-01,0.0,3685.0366
SOS002L09P,2023-08-02,0.0,3215.5571
SOS003L04P,2023-06-26,1095.999999999999,1024.3922
SOS003L04P,2023-06-27,1057.0,881.0631
SOS003L04P,2023-06-28,972.4999999999998,676.0494
SOS003L04P,2023-06-29,1737.0,1000.56415
SOS003L04P,2023-06-30,0.0,73.8202
SOS003L04P,2023-07-01,204.0,439.48083
SOS003L04P,2023-07-02,1886.000000000002,1534.4191
SOS003L04P,2023-07-03,915.9999999999995,1344.9948
SOS003L04P,2023-07-04,858.9999999999994,724.2595
SOS003L04P,2023-07-05,1150.0,652.1747
SOS003L04P,2023-07-06,1510.999999999999,1121.6028
SOS003L04P,2023-07-07,0.0,179.60916
SOS003L04P,2023-07-08,312.0,370.7154
SOS003L04P,2023-07-09,1613.0,1901.5421
SOS003L04P,2023-07-10,820.9999999999998,1039.3561
SOS003L04P,2023-07-11,818.9999999999998,808.6862
SOS003L04P,2023-07-12,990.9999999999995,592.9793
SOS003L04P,2023-07-13,1130.0,859.057
SOS003L04P,2023-07-14,0.0,0.0
SOS003L04P,2023-07-15,153.0,217.27155
SOS003L04P,2023-07-16,1185.0,1230.8135
SOS003L04P,2023-07-17,899.9999999999995,894.95795
SOS003L04P,2023-07-18,60.0,745.241
SOS003L04P,2023-07-19,1562.0,607.9925
SOS003L04P,2023-07-20,1432.0,1296.7983
SOS003L04P,2023-07-21,0.0,102.45007
SOS003L04P,2023-07-22,0.0,152.21942
SOS003L04P,2023-07-23,1623.0,908.11865
SOS003L04P,2023-07-24,548.9999999999998,615.16736
SOS003L04P,2023-07-25,534.4999999999998,742.7044
SOS003L04P,2023-07-26,911.2499999999995,949.2874
SOS003L04P,2023-07-27,1277.0,716.9745
SOS003L04P,2023-07-28,0.0,0.0
SOS003L04P,2023-07-29,102.0,310.28897
SOS003L04P,2023-07-30,1141.0,1431.822
SOS003L04P,2023-07-31,558.9999999999994,1160.1355
SOS003L04P,2023-08-01,0.0,1016.6056
SOS003L04P,2023-08-02,0.0,638.2729
SOS005L04P,2023-06-26,6123.999999999999,5406.128
SOS005L04P,2023-06-27,5561.999999999999,5253.8633
SOS005L04P,2023-06-28,5700.499999999998,3407.759
SOS005L04P,2023-06-29,9994.0,7235.936
SOS005L04P,2023-06-30,0.0,179.9782
SOS005L04P,2023-07-01,2584.5,1246.6316
SOS005L04P,2023-07-02,10717.25,9030.919
SOS005L04P,2023-07-03,5997.0,6059.817
SOS005L04P,2023-07-04,5827.999999999999,7089.9434
SOS005L04P,2023-07-05,9233.0,4664.679
SOS005L04P,2023-07-06,8526.0,9344.806
SOS005L04P,2023-07-07,0.0,492.8876
SOS005L04P,2023-07-08,3660.999999999999,3854.4854
SOS005L04P,2023-07-09,8727.000000000002,9680.925
SOS005L04P,2023-07-10,4625.249999999999,6679.718
SOS005L04P,2023-07-11,4367.749999999999,4771.3604
SOS005L04P,2023-07-12,6387.0,3850.199
SOS005L04P,2023-07-13,7699.000000000003,6719.181
SOS005L04P,2023-07-14,0.0,0.0
SOS005L04P,2023-07-15,1583.0,1415.6096
SOS005L04P,2023-07-16,6183.999999999998,5441.2925
SOS005L04P,2023-07-17,5064.999999999998,4899.8643
SOS005L04P,2023-07-18,1032.0,4711.2607
SOS005L04P,2023-07-19,7471.999999999997,3107.115
SOS005L04P,2023-07-20,10390.0,3989.3184
SOS005L04P,2023-07-21,0.0,431.1118
SOS005L04P,2023-07-22,0.0,2134.0298
SOS005L04P,2023-07-23,8615.0,4189.325
SOS005L04P,2023-07-24,5175.249999999999,4320.133
SOS005L04P,2023-07-25,4373.749999999998,3710.0503
SOS005L04P,2023-07-26,4352.499999999999,3719.785
SOS005L04P,2023-07-27,9359.999999999998,4829.9995
SOS005L04P,2023-07-28,0.0,195.14452
SOS005L04P,2023-07-29,1049.25,2538.4207
SOS005L04P,2023-07-30,7468.000000000001,7015.644
SOS005L04P,2023-07-31,5172.0,4423.447
SOS005L04P,2023-08-01,0.0,4878.7114
SOS005L04P,2023-08-02,0.0,4774.8877
SOS008L02P,2023-06-26,215.0,542.36414
SOS008L02P,2023-06-27,960.0,390.41534
SOS008L02P,2023-06-28,423.4999999999999,367.18747
SOS008L02P,2023-06-29,99.0,741.0904
SOS008L02P,2023-06-30,0.0,0.0
SOS008L02P,2023-07-01,201.0,92.383705
SOS008L02P,2023-07-02,290.0,483.36407
SOS008L02P,2023-07-03,128.0,850.76544
SOS008L02P,2023-07-04,826.0,348.42294
SOS008L02P,2023-07-05,423.9999999999999,528.3104
SOS008L02P,2023-07-06,140.0,732.0074
SOS008L02P,2023-07-07,0.0,43.359394
SOS008L02P,2023-07-08,15.5,286.1473
SOS008L02P,2023-07-09,1090.0,629.62317
SOS008L02P,2023-07-10,340.5000000000001,308.9632
SOS008L02P,2023-07-11,78.0,434.34738
SOS008L02P,2023-07-12,433.9999999999999,242.47597
SOS008L02P,2023-07-13,794.9999999999999,449.3671
SOS008L02P,2023-07-14,0.0,0.0
SOS008L02P,2023-07-15,108.0,128.34189
SOS008L02P,2023-07-16,249.0,415.23764
SOS008L02P,2023-07-17,409.9999999999999,514.0114
SOS008L02P,2023-07-18,20.0,469.26614
SOS008L02P,2023-07-19,155.0,333.7306
SOS008L02P,2023-07-20,1390.0,569.13153
SOS008L02P,2023-07-21,0.0,93.46818
SOS008L02P,2023-07-22,0.0,126.23885
SOS008L02P,2023-07-23,202.9999999999999,382.6078
SOS008L02P,2023-07-24,437.9999999999999,388.19144
SOS008L02P,2023-07-25,56.99999999999999,377.81845
SOS008L02P,2023-07-26,571.0,258.2718
SOS008L02P,2023-07-27,554.0,352.59476
SOS008L02P,2023-07-28,0.0,12.742316
SOS008L02P,2023-07-29,15.0,128.79509
SOS008L02P,2023-07-30,1321.0,602.113
SOS008L02P,2023-07-31,230.0,349.2751
SOS008L02P,2023-08-01,0.0,669.8031
SOS008L02P,2023-08-02,0.0,353.2749
SOS250M48P,2023-06-26,274.0,196.32045
SOS250M48P,2023-06-27,231.0,175.90219
SOS250M48P,2023-06-28,182.0,139.80566
SOS250M48P,2023-06-29,244.9999999999999,143.55814
SOS250M48P,2023-06-30,0.0,0.0
SOS250M48P,2023-07-01,10.0,58.95274
SOS250M48P,2023-07-02,511.9999999999996,198.51439
SOS250M48P,2023-07-03,484.9999999999998,201.06242
SOS250M48P,2023-07-04,114.0,165.72128
SOS250M48P,2023-07-05,63.0,154.53389
SOS250M48P,2023-07-06,173.0,164.09451
SOS250M48P,2023-07-07,0.0,0.0
SOS250M48P,2023-07-08,10.0,0.0
SOS250M48P,2023-07-09,220.9999999999999,170.66841
SOS250M48P,2023-07-10,341.9999999999999,319.15518
SOS250M48P,2023-07-11,222.0,145.98999
SOS250M48P,2023-07-12,369.9999999999999,167.83165
SOS250M48P,2023-07-13,210.9999999999999,113.303345
SOS250M48P,2023-07-14,0.0,0.0
SOS250M48P,2023-07-15,6.999999999999999,14.551691
SOS250M48P,2023-07-16,674.0,304.22162
SOS250M48P,2023-07-17,180.0,196.6651
SOS250M48P,2023-07-18,0.0,163.9623
SOS250M48P,2023-07-19,331.9999999999999,165.86694
SOS250M48P,2023-07-20,774.9999999999998,118.02928
SOS250M48P,2023-07-21,0.0,59.913822
SOS250M48P,2023-07-22,0.0,25.683712
SOS250M48P,2023-07-23,273.9999999999999,189.9543
SOS250M48P,2023-07-24,150.0,314.83838
SOS250M48P,2023-07-25,231.9999999999999,187.57397
SOS250M48P,2023-07-26,276.9999999999999,105.86407
SOS250M48P,2023-07-27,315.9999999999999,156.51219
SOS250M48P,2023-07-28,0.0,61.17565
SOS250M48P,2023-07-29,0.0,44.744347
SOS250M48P,2023-07-30,462.9999999999998,308.23608
SOS250M48P,2023-07-31,466.9999999999998,303.26172
SOS250M48P,2023-08-01,0.0,197.39317
SOS250M48P,2023-08-02,0.0,201.87627
SOS500M24P,2023-06-26,2735.0,3391.4116
SOS500M24P,2023-06-27,2740.000000000002,2349.3718
SOS500M24P,2023-06-28,1900.0,1602.1492
SOS500M24P,2023-06-29,3326.000000000004,1707.4839
SOS500M24P,2023-06-30,0.0,204.39648
SOS500M24P,2023-07-01,512.9999999999999,368.47403
SOS500M24P,2023-07-02,4971.000000000002,4179.2593
SOS500M24P,2023-07-03,3291.000000000002,3656.5286
SOS500M24P,2023-07-04,2124.000000000001,1432.9772
SOS500M24P,2023-07-05,2477.0,2242.9634
SOS500M24P,2023-07-06,2532.000000000001,4359.6665
SOS500M24P,2023-07-07,0.0,201.37521
SOS500M24P,2023-07-08,236.0,945.63104
SOS500M24P,2023-07-09,4169.000000000003,4372.204
SOS500M24P,2023-07-10,2214.0,2153.2717
SOS500M24P,2023-07-11,1803.999999999999,1822.2332
SOS500M24P,2023-07-12,2852.000000000002,1559.1073
SOS500M24P,2023-07-13,2362.000000000001,2888.1504
SOS500M24P,2023-07-14,0.0,61.18583
SOS500M24P,2023-07-15,184.0,890.3922
SOS500M24P,2023-07-16,4241.000000000002,2002.1887
SOS500M24P,2023-07-17,2326.000000000001,2443.437
SOS500M24P,2023-07-18,1390.0,1471.1825
SOS500M24P,2023-07-19,2448.000000000001,1140.7261
SOS500M24P,2023-07-20,5176.000000000002,1926.2156
SOS500M24P,2023-07-21,0.0,302.4233
SOS500M24P,2023-07-22,0.0,317.6465
SOS500M24P,2023-07-23,3810.000000000003,3369.7366
SOS500M24P,2023-07-24,2454.0,2652.5461
SOS500M24P,2023-07-25,2528.0,1586.9357
SOS500M24P,2023-07-26,2335.000000000001,1855.6782
SOS500M24P,2023-07-27,3669.000000000003,1843.6449
SOS500M24P,2023-07-28,0.0,73.66398
SOS500M24P,2023-07-29,109.0,302.65427
SOS500M24P,2023-07-30,2897.000000000003,2619.2646
SOS500M24P,2023-07-31,2385.000000000001,2385.1804
SOS500M24P,2023-08-01,0.0,2331.5278
SOS500M24P,2023-08-02,0.0,2143.8672
